scenario_id,design,policy_idx,alpha_on,alpha_off,gap_fraction,diffusion_objective,train_objective,train_objective_ci95_hw,holdout_objective,holdout_objective_ci95_hw,holdout_W,holdout_B_H,holdout_B_L,holdout_cloud_fraction,holdout_activation_rate
R17,lhs,0,2.011589865948815,2.011589865948815,0.0,0.931046902382528,0.7891042539320681,0.02538790815219815,0.7985620478110408,0.013132875554499783,0.1375942263521255,0.02290914780951577,0.01322294869724039,0.6760389389981197,0.3635925925925925
R17,lhs,1,4.02317973189763,2.011589865948815,0.05000000000000001,0.9441873334327022,0.8134539388601271,0.01940908559213613,0.793359779961038,0.016131952883801048,0.1376699662153947,0.022886953013841124,0.013654438239157466,0.6656398534512977,0.35140740740740734
R17,lhs,2,4.02317973189763,4.02317973189763,0.0,0.9792851374239844,0.8263810223359573,0.02104233578949276,0.8138597112593365,0.01570460834133985,0.14353647457396645,0.025389432812412367,0.014971904170547055,0.6424423114705805,0.3726296296296296
R17,lhs,3,6.034769597846445,2.011589865948815,0.09999999999999999,0.9616707787597855,0.8132397312066011,0.02141106769376462,0.8078658984654957,0.019132908146898484,0.14204703479995048,0.024538935326234086,0.014947990595657039,0.6493250805698725,0.33651851851851855
R17,lhs,4,6.034769597846445,4.02317973189763,0.049999999999999996,0.997271469907874,0.8214122651423628,0.01902491145552976,0.8169439682087715,0.01714422589851794,0.14558155656830135,0.026153498543060965,0.01555401147924765,0.6287852953038098,0.35914814814814816
R17,lhs,5,6.034769597846445,6.034769597846445,0.0,1.0086289410212337,0.8289603345410107,0.02385742483735145,0.8294303724963523,0.017848170816515862,0.1494731776728347,0.027719980394996298,0.0163782659883592,0.6133078732497328,0.37225925925925923
R17,lhs,6,8.04635946379526,2.011589865948815,0.15000000000000002,0.9831412379889026,0.8304198221969641,0.024135129774622784,0.8075641459200796,0.01348982581517537,0.1441990901506834,0.025375548316895244,0.014980868245861593,0.6308448521302464,0.3244444444444445
R17,lhs,7,8.04635946379526,4.02317973189763,0.10000000000000002,1.019301237393032,0.823367711829983,0.013444282362954614,0.8373189396875999,0.014108753809492825,0.15088136046151102,0.028745553439815077,0.01663127033599273,0.6058361050443228,0.340962962962963
R17,lhs,8,8.04635946379526,6.034769597846445,0.05000000000000002,1.0308182427041266,0.8273152377573396,0.020187260899155735,0.840435618532442,0.015452956361644914,0.15420514987195286,0.029197867188253908,0.01719403475850811,0.595432992790635,0.3578888888888889
R17,lhs,9,8.04635946379526,8.04635946379526,0.0,1.0365520729819022,0.8380783097430389,0.02330005527462173,0.834476176182431,0.016789344721799673,0.153477191433483,0.02934345075738267,0.01778886200618385,0.5815765697120244,0.3675185185185185
R17,lhs,10,10.057949329744076,2.011589865948815,0.20000000000000004,1.008046459521634,0.8321932365830211,0.029341641342345737,0.8267307873475402,0.015813431194337518,0.14972832645906622,0.02769104262142202,0.016550735908799834,0.6080589365615403,0.30970370370370376
R17,lhs,11,10.057949329744076,4.02317973189763,0.15000000000000002,1.0447996070824008,0.8579950603216497,0.025605275460550747,0.832625130074161,0.015452342557437479,0.15531354883719972,0.028867748428432916,0.017183390906321535,0.5859555231812775,0.3315555555555555
R17,lhs,12,10.057949329744076,6.034769597846445,0.10000000000000003,1.0564754063255017,0.8558312294471172,0.015284491381857043,0.8400012342294324,0.01796599222281946,0.1575498808578796,0.029987727647397242,0.018191338057869575,0.5714117357781837,0.34122222222222215
R17,lhs,13,10.057949329744076,8.04635946379526,0.05000000000000002,1.062352368878062,0.8661383984572636,0.02365028877070678,0.8548902383937016,0.017121836314674403,0.16064981869062614,0.03173482454176448,0.018961176052584915,0.5585179445290326,0.3460740740740741
R17,lhs,14,10.057949329744076,10.057949329744076,0.0,1.0668138834073346,0.8674096578756142,0.025068091282501998,0.8489735101656,0.01687316303043345,0.15972223740646713,0.03125181762648048,0.0181044290133285,0.5618789760064458,0.3525925925925927
R17,lhs,15,12.069539195692892,2.011589865948815,0.25000000000000006,1.035773231444556,0.8649925997860477,0.02771064981876304,0.8492801673153373,0.016092475489384285,0.15728461253532428,0.030141534342882633,0.01814414822945555,0.5851829313233837,0.2962592592592592
R17,lhs,16,12.069539195692892,4.02317973189763,0.20000000000000007,1.0731453368429917,0.8625264769170233,0.02873935981565284,0.8551972466970718,0.016546385677292056,0.15906308954343243,0.03163509066272463,0.01852404749758269,0.5652710583914001,0.3108148148148148
R17,lhs,17,12.069539195692892,6.034769597846445,0.15000000000000005,1.0849802585075623,0.8762421613178436,0.027185106313549277,0.8546556057553235,0.017466559319772763,0.16209510583374515,0.03205429827731191,0.01919553411006075,0.5492617500326655,0.32466666666666666
R17,lhs,18,12.069539195692892,8.04635946379526,0.10000000000000003,1.090991041953491,0.8794555688844576,0.029296106244851253,0.8607928741797097,0.014740985671412738,0.16392911627818724,0.03281657275739831,0.019596146122634436,0.5419371846129525,0.32907407407407413
R17,lhs,19,12.069539195692892,10.057949329744076,0.05000000000000002,1.0956295144710073,0.8868525716491332,0.024169043382199717,0.8726353491511348,0.01860157483501214,0.16551164423108952,0.03405006859299078,0.020026728541992025,0.5365951251338782,0.3364074074074075
R17,lhs,20,12.069539195692892,12.069539195692892,0.0,1.1002260792664058,0.8799089294893957,0.02459185280520149,0.8716537709000007,0.017018339282562932,0.1665265895639232,0.03411508039575602,0.01999855232438775,0.5322282008892386,0.3391851851851852
R17,lhs,21,14.081129061641706,2.011589865948815,0.30000000000000004,1.0657499454253794,0.8684456593441252,0.023800013431127674,0.8577643456400981,0.02208988034120306,0.1605736330636698,0.03171441701659589,0.018849774062570344,0.5643370154695632,0.28229629629629627
R17,lhs,22,14.081129061641706,4.02317973189763,0.25000000000000006,1.1037737876177536,0.8488041826870223,0.021414911327153965,0.8672378339729134,0.016415572615554378,0.16435622660148025,0.03326417434102665,0.0198346982041388,0.5435398248559717,0.29496296296296287
R17,lhs,23,14.081129061641706,6.034769597846445,0.20000000000000004,1.1157733818711995,0.8830808883278489,0.021968080566932204,0.8733650209237475,0.020856066864045418,0.1660483237005635,0.03412547373905568,0.02008849078978314,0.5353823391754771,0.3062962962962963
R17,lhs,24,14.081129061641706,8.04635946379526,0.15000000000000002,1.1219115061989977,0.8970774299200235,0.02240179360142096,0.8836600253448109,0.017343566227265156,0.16911317560984884,0.035351096654255704,0.021033263433614283,0.5228589097152185,0.3113333333333333
R17,lhs,25,14.081129061641706,10.057949329744076,0.09999999999999999,1.1267102319026212,0.8903114219725221,0.015316531367477891,0.88703067471404,0.019299590858912384,0.17066762305152244,0.035896823214656565,0.021169776474767293,0.5161084255482667,0.3195555555555556
R17,lhs,26,14.081129061641706,12.069539195692892,0.049999999999999975,1.131529176874933,0.8811110698669399,0.024561612945367822,0.8944764710804977,0.01854032724921357,0.17013155198820895,0.036716725143374006,0.020953139607397198,0.5166583850517985,0.31981481481481483
R17,lhs,27,14.081129061641706,14.081129061641706,0.0,1.136873060929792,0.8952676145401959,0.026992237584067266,0.8890282568729245,0.01643157027800132,0.17222941488955937,0.03611874454780854,0.021974208938889715,0.5096763529631841,0.32707407407407396
R17,lhs,28,16.09271892759052,2.011589865948815,0.35000000000000003,1.0973999349207344,0.8831343535697924,0.017712657104734224,0.8768447494365952,0.01863665321134321,0.16517595447272096,0.033772573171737395,0.01982230326474521,0.5498696530476664,0.2700740740740741
R17,lhs,29,16.09271892759052,4.02317973189763,0.30000000000000004,1.1361233608227397,0.8754281147905107,0.020299649747360204,0.8926385256783536,0.017130520278367655,0.17046222989115759,0.035822843370702524,0.02108075367639298,0.5275937596563944,0.28192592592592597
R17,lhs,30,16.09271892759052,6.034769597846445,0.25000000000000006,1.148300257347775,0.9016986817716418,0.02390161436630743,0.8857389460223053,0.017587168177061727,0.17037654861310927,0.03570778874005372,0.021025085524829186,0.5182297068002228,0.28885185185185186
R17,lhs,31,16.09271892759052,8.04635946379526,0.20000000000000004,1.1545632544662063,0.8936414588902626,0.02084353561096709,0.9002152705216483,0.019101116746318095,0.17347309759410942,0.037442853330745256,0.021976914071126896,0.5040748541340776,0.2972592592592592
R17,lhs,32,16.09271892759052,10.057949329744076,0.15000000000000002,1.1595089518955284,0.9087155366276457,0.02048134312829589,0.9047656076393444,0.01878771016149691,0.17634803063889984,0.037974769584858216,0.022609046643089756,0.495219487556074,0.3031111111111111
R17,lhs,33,16.09271892759052,12.069539195692892,0.09999999999999999,1.1645248240841513,0.91443200991366,0.022465542011385592,0.8964290211890311,0.014926584207031355,0.17419934767729822,0.03740865678985221,0.021716374085934506,0.4981094773178601,0.3059259259259258
R17,lhs,34,16.09271892759052,14.081129061641706,0.05000000000000002,1.1701406814381925,0.9194473252952123,0.019187296122017375,0.8967086952243737,0.024284667557749554,0.1758263936592204,0.037507125997273925,0.022212094557030642,0.4920556481086263,0.3114444444444444
R17,lhs,35,16.09271892759052,16.09271892759052,0.0,1.176602683923091,0.9187484752928603,0.02481162156402315,0.9174406632537351,0.019371912825733008,0.1794370743403316,0.03928286166617014,0.023318863498170403,0.48628722920772477,0.3131481481481482
R17,lhs,36,18.104308793539335,2.011589865948815,0.4000000000000001,1.130284730128821,0.880727720032205,0.021504818790779957,0.8933933768083071,0.017505044162254423,0.17050221317440686,0.03546947948803045,0.020874006347737114,0.5356715575668108,0.25825925925925924
R17,lhs,37,18.104308793539335,4.02317973189763,0.35,1.169775144963544,0.8889983391627847,0.018783449960841078,0.9020209141144268,0.016649990027561668,0.1741439657329444,0.03717954822784339,0.02198542743482674,0.5104256277549285,0.26825925925925925
R17,lhs,38,18.104308793539335,6.034769597846445,0.30000000000000004,1.1821496027948768,0.9131640256022129,0.019504193385912895,0.8985570274078796,0.017767057931530474,0.1749931157597851,0.037365609252905475,0.022430546039956766,0.4980743609366724,0.2785925925925926
R17,lhs,39,18.104308793539335,8.04635946379526,0.25,1.1885396391037744,0.9185955167849995,0.019568045799569007,0.9156381203222584,0.02102124510330834,0.17773899940773846,0.039106486946165114,0.022914988194325046,0.49081140197481793,0.2837407407407408
R17,lhs,40,18.104308793539335,10.057949329744076,0.19999999999999998,1.1936235460349083,0.9223389446046353,0.022152354280155533,0.928830735952138,0.01714895170861006,0.18109514168617213,0.040557726097899975,0.024162234910484356,0.4775997157278969,0.28851851851851856
R17,lhs,41,18.104308793539335,12.069539195692892,0.14999999999999997,1.1988165322389959,0.9334921604574447,0.028455389643765948,0.9141454321691355,0.01624749616530238,0.17979281441071854,0.039151323516622684,0.02350100819172341,0.4815562812011177,0.29277777777777775
R17,lhs,42,18.104308793539335,14.081129061641706,0.09999999999999999,1.2046700479065302,0.9462253191250947,0.025205540981983302,0.9195443499580274,0.019978456552668205,0.18070197141688144,0.040051958209335846,0.023587842503081182,0.4735322232400615,0.2960740740740741
R17,lhs,43,18.104308793539335,16.09271892759052,0.049999999999999975,1.211457009204694,0.9462194590334576,0.022920753758231455,0.9308724819088848,0.01876990259091368,0.18327310613107023,0.04075925171848071,0.02429784334448571,0.47337807071149496,0.3001851851851852
R17,lhs,44,18.104308793539335,18.104308793539335,0.0,1.2193280391446284,0.9578256425162323,0.022245051177372334,0.9378231398051492,0.017802786717624353,0.1846042874537877,0.0414942881711765,0.024585953177356422,0.46922309956471886,0.30107407407407405
R17,lhs,45,20.11589865948815,2.011589865948815,0.45,1.1640588934694587,0.8974263564882078,0.02475142663705048,0.9010619245141439,0.016367718697079998,0.17389548085293813,0.0365710519165946,0.021559707529684866,0.5213399812369804,0.24870370370370368
R17,lhs,46,20.11589865948815,4.02317973189763,0.39999999999999997,1.2044008497487946,0.9170931969632445,0.02389918066191854,0.9117118829311146,0.016804890865469328,0.17798853718352298,0.03833848435313934,0.022453591198155962,0.4987067530775912,0.2578888888888889
R17,lhs,47,20.11589865948815,6.034769597846445,0.35,1.216999360713535,0.9317261823861689,0.024608594178243785,0.9045796890874848,0.01641906048336097,0.17745569305937622,0.038544600901396095,0.022984919859545826,0.4817746531772451,0.2660740740740741
R17,lhs,48,20.11589865948815,8.04635946379526,0.3,1.2235227096192172,0.9393202610132108,0.021404254386348392,0.9337537784079378,0.0191276680984624,0.18238520606779718,0.04105504961299175,0.024234425587941966,0.4750219164811523,0.2716666666666667
R17,lhs,49,20.11589865948815,10.057949329744076,0.24999999999999994,1.2287404907373896,0.9500428522884017,0.026279464677855694,0.9123774177863277,0.014741732013563958,0.180619557420453,0.039827666460768026,0.023635995659282157,0.4651211536733799,0.27599999999999997
R17,lhs,50,20.11589865948815,12.069539195692892,0.19999999999999993,1.2340966466482153,0.9499373921032092,0.025818912029012257,0.9337122977554627,0.01966784077436588,0.1839860102327176,0.04153713348946099,0.02449920317996011,0.46294419837406037,0.27770370370370373
R17,lhs,51,20.11589865948815,14.081129061641706,0.14999999999999997,1.240161707517733,0.9459488510617577,0.0288202586403048,0.9507298553296908,0.023068999954348975,0.1866303429514066,0.042881652983277875,0.025445368504037006,0.46050768654046315,0.2814074074074074
R17,lhs,52,20.11589865948815,16.09271892759052,0.09999999999999995,1.2472303679271757,0.9585176937278247,0.023034042477241272,0.9371720832830182,0.021424488564213234,0.18594269112937029,0.041814345097521285,0.025033851730931374,0.45852738428742795,0.2846666666666667
R17,lhs,53,20.11589865948815,18.104308793539335,0.049999999999999975,1.2554825108659953,0.9574846187357776,0.02559816685277648,0.9667640550718438,0.01837576150906251,0.18994287978585397,0.044713596813778414,0.02615264928124632,0.44802160172458644,0.2897037037037037
R17,lhs,54,20.11589865948815,20.11589865948815,0.0,1.2650199360784335,0.9683211349791412,0.01675648149341113,0.9715798178511393,0.01935379286445442,0.19185386400658222,0.044766905227043845,0.026960053798000316,0.44862028325227293,0.2926296296296297
R17,lhs,55,22.127488525436966,2.011589865948815,0.5000000000000001,1.1984261230936322,0.9308621024710012,0.025512593272909032,0.9311559701348251,0.018687768755875654,0.17882745765847946,0.03959184026402247,0.023171115076901967,0.5059580579927024,0.24096296296296293
R17,lhs,56,22.127488525436966,4.02317973189763,0.45,1.23971470360287,0.9442442333332212,0.02636589101975584,0.9384914309459672,0.02292028919323386,0.1831367659593087,0.041063821802634196,0.024299264561460303,0.48135528181302883,0.24833333333333332
R17,lhs,57,22.127488525436966,6.034769597846445,0.4000000000000001,1.252567514152917,0.9714432871893735,0.024321943810312333,0.9417523356801264,0.015257335748118706,0.18387760480267237,0.041713411991109096,0.024768377689558155,0.47262784643975075,0.25625925925925924
R17,lhs,58,22.127488525436966,8.04635946379526,0.35000000000000003,1.2592333667024866,0.9594452454006301,0.02313524624576793,0.9584830762184635,0.016797747815280914,0.18801202735046338,0.043094148306048116,0.02568299432384378,0.4666990792543874,0.26118518518518513
R17,lhs,59,22.127488525436966,10.057949329744076,0.30000000000000004,1.2645843018033092,0.9632674326021163,0.024700990362052113,0.9448633096937552,0.01863729726132012,0.18656494309056762,0.042596203581045315,0.025063549308830334,0.45713086695230276,0.26388888888888884
R17,lhs,60,22.127488525436966,12.069539195692892,0.25,1.2700948229216509,0.9466641169284695,0.014770668828880002,0.953881029048078,0.0194936338740754,0.1887423614596221,0.04341625139820123,0.025823191358230243,0.45160605015220806,0.2670740740740741
R17,lhs,61,22.127488525436966,14.081129061641706,0.20000000000000004,1.2763527897941291,0.979519290788985,0.028833732694771873,0.9691769386689487,0.01719387123623986,0.19090153401588364,0.04471187036742956,0.026317372960967776,0.44981787553492886,0.2717407407407408
R17,lhs,62,22.127488525436966,16.09271892759052,0.15000000000000002,1.2836706740490613,0.9928524065691343,0.02503419031557408,0.9623379914805514,0.016951529087445034,0.19149766122355716,0.044153331067798535,0.026071076131147067,0.4477262221995512,0.2723333333333333
R17,lhs,63,22.127488525436966,18.104308793539335,0.10000000000000003,1.2922514263110272,0.9816542569698518,0.023494028332877726,0.9781514336748837,0.01628631329067621,0.19334579461914014,0.045542734949595445,0.026847562205464578,0.4445564738617403,0.2753703703703703
R17,lhs,64,22.127488525436966,20.11589865948815,0.050000000000000065,1.3022284982441104,0.9911738532260885,0.02434906432326999,0.9730416139206388,0.017011490449032003,0.19317621450846442,0.0454528068723208,0.026966751710275395,0.43720153936206896,0.28111111111111114
R17,lhs,65,22.127488525436966,22.127488525436966,0.0,1.3136619776012604,0.9882163269152713,0.02433939076920226,0.9926233221471678,0.016084676587789757,0.19622701546771712,0.04706152683005284,0.02736785717365989,0.4362538823279692,0.28518518518518526
R17,lhs,66,24.13907839138578,2.011589865948815,0.55,1.233106330351763,0.9666611622698339,0.02713888585023543,0.94470624772015,0.021594703252689685,0.18122565168143875,0.04112672662703743,0.02401736059243858,0.49525790491816263,0.2293703703703704
R17,lhs,67,24.13907839138578,4.02317973189763,0.5,1.2754386326134655,0.9437890578820912,0.025033018401845967,0.9574131585575093,0.018883920043481123,0.18632810268572267,0.04274962958816906,0.02540654786979071,0.47475134099621613,0.2402222222222222
R17,lhs,68,24.13907839138578,6.034769597846445,0.45,1.288576859232454,0.9591867982568294,0.024942072058314647,0.9647682765305831,0.01911247708123215,0.1890196306510753,0.04370945919674111,0.02645038650379834,0.461962976523327,0.24762962962962964
R17,lhs,69,24.13907839138578,8.04635946379526,0.39999999999999997,1.2953958515653328,0.9859513747185866,0.024661166875574552,0.9654680163065754,0.01960500458883488,0.19019264499542937,0.044073455727042486,0.026360145603412658,0.45537303321789196,0.2523333333333333
R17,lhs,70,24.13907839138578,10.057949329744076,0.35,1.300881671122375,0.9723376655988106,0.023028481106376647,0.9717231531409466,0.01736390586311284,0.19230102624851167,0.04487326881570089,0.026384599524831007,0.44874092850117847,0.25562962962962965
R17,lhs,71,24.13907839138578,12.069539195692892,0.3,1.306541666851669,1.0025769831937938,0.018008935305711134,0.9796736699949485,0.01559018725199324,0.19360792765702733,0.04556966273318285,0.027084913111340463,0.44523018917150353,0.25885185185185183
R17,lhs,72,24.13907839138578,14.081129061641706,0.25,1.3129799232456794,0.9890433648386482,0.025312353218854607,0.9887818509186149,0.02066740903086419,0.19580966780202777,0.04674790081170064,0.027824030841013998,0.4338327719309005,0.26381481481481484
R17,lhs,73,24.13907839138578,16.09271892759052,0.19999999999999998,1.3205235803475528,0.9866051501337367,0.024351343628114412,0.9878338953516381,0.018367536109993476,0.19535570269811459,0.04645272530933813,0.027538701604977157,0.43920808976522074,0.26237037037037036
R17,lhs,74,24.13907839138578,18.104308793539335,0.15000000000000002,1.3293936538874487,1.0188473609506505,0.020003293541849793,0.9845747581754601,0.020014055525946466,0.19588678538722734,0.046337971653727356,0.027254308090560835,0.43593366154336033,0.26807407407407413
R17,lhs,75,24.13907839138578,20.11589865948815,0.10000000000000003,1.3397479684950244,1.0250357268586836,0.0269304715261854,0.9884807489876091,0.016677201323848194,0.1969052053228886,0.04661340194094614,0.02773082658225307,0.434140195511126,0.2718148148148148
R17,lhs,76,24.13907839138578,22.127488525436966,0.049999999999999975,1.3516802246562585,1.0164678813434684,0.02859308244550738,0.9997807196210141,0.015747488288387478,0.19971266271721877,0.04780651220442409,0.028692665381461147,0.42423539706603297,0.27374074074074073
R17,lhs,77,24.13907839138578,24.13907839138578,0.0,1.3651968065700073,1.0381122951072879,0.026496106849028183,1.0125590532727073,0.01862097561349234,0.20198780620225623,0.048970624756523494,0.029385553679491045,0.41937018898347556,0.2810740740740741
R17,lhs,78,26.150668257334594,2.011589865948815,0.6000000000000001,1.2678116705228433,0.9829533284273003,0.022547369825847905,0.9556235115302215,0.01875013967818775,0.1866346268243772,0.041778454977031414,0.025198746018246437,0.4885411327448954,0.22666666666666668
R17,lhs,79,26.150668257334594,4.02317973189763,0.5499999999999999,1.311277958976248,0.9770834333006249,0.023490409441115485,0.9816807332977565,0.020598207090227298,0.19229005480537154,0.04495959931023696,0.02649670787172275,0.46370016487784066,0.23429629629629634
R17,lhs,80,26.150668257334594,6.034769597846445,0.5,1.3247307293040786,0.9989413950343973,0.02165146363705254,0.9760595397458702,0.020198882351165653,0.19257814811567336,0.044829317312772836,0.026831137758402755,0.45447450031971687,0.2434814814814815
R17,lhs,81,26.150668257334594,8.04635946379526,0.44999999999999996,1.3317134310488343,1.015289294947062,0.02899672050291278,0.9836721262200984,0.02138399088663486,0.19494029658715686,0.04566469896590632,0.027556708462244353,0.4461391650264835,0.24585185185185185
R17,lhs,82,26.150668257334594,10.057949329744076,0.39999999999999997,1.337337039700068,0.9995403618279001,0.028270649685111438,0.9902019484086518,0.01926379540957194,0.19603208775049932,0.04662916636067594,0.027794068280496083,0.43800260220425,0.2488888888888889
R17,lhs,83,26.150668257334594,12.069539195692892,0.3499999999999999,1.343144114696512,1.0062362970621757,0.019248323293429365,1.006133685173753,0.018877492809899386,0.19793484421534852,0.048088131301550215,0.028562436693209053,0.43379605315609127,0.25299999999999995
R17,lhs,84,26.150668257334594,14.081129061641706,0.3,1.3497543113648494,1.0120262607015509,0.024581211726033603,1.00826447498697,0.01756685374249714,0.2004626860771874,0.04839559740850186,0.0296686143110418,0.4232234339712135,0.2552222222222222
R17,lhs,85,26.150668257334594,16.09271892759052,0.24999999999999994,1.3575070750127076,1.027758503115215,0.0241991871248781,1.0261285411515426,0.01888726028366873,0.20121632037650306,0.05011133767996161,0.029412347375668748,0.42422981022995,0.2555555555555556
R17,lhs,86,26.150668257334594,18.104308793539335,0.19999999999999998,1.3666375466359544,1.0265337859153891,0.01954747906872683,1.0185975838807406,0.016294408308570804,0.20228742963849078,0.049258915176507906,0.029408579584566164,0.4241138279085664,0.2603333333333333
R17,lhs,87,26.150668257334594,20.11589865948815,0.15000000000000002,1.377322082918702,1.0256136654969061,0.026754630947490504,1.0288889116139088,0.018736248247381963,0.20306754090669812,0.05010626419643962,0.02993578701876922,0.42363870376449597,0.2625185185185185
R17,lhs,88,26.150668257334594,22.127488525436966,0.09999999999999995,1.3896796782114207,1.035752954095519,0.028108341045736115,1.0460755991385036,0.020680456034765267,0.20570387938591692,0.05181435956506222,0.0306272106330545,0.41641898580267883,0.26637037037037037
R17,lhs,89,26.150668257334594,24.13907839138578,0.049999999999999975,1.4037515798281026,1.0460501755209572,0.03066154936789963,1.0505784880645341,0.01686762015152367,0.20703860339904814,0.052385944327202574,0.03081476835782276,0.41130557928641676,0.27133333333333337
R17,lhs,90,26.150668257334594,26.150668257334594,0.0,1.4194628534550229,1.0688285714588919,0.03132612355333495,1.0456866339787652,0.02397052586808277,0.2069431489450963,0.05188856985616337,0.030807819562376174,0.41163564462652313,0.2767037037037037
R17,lhs,91,28.16225812328341,2.011589865948815,0.6500000000000001,1.3022418053312197,0.9943882452637076,0.02450825099481122,0.9843187349776177,0.015673536621107487,0.1925358034587114,0.044409599794874056,0.02666764625378046,0.4763539374890343,0.22281481481481483
R17,lhs,92,28.16225812328341,4.02317973189763,0.6000000000000001,1.346917639361022,0.9974206890232329,0.01923470860283129,0.9951064033379939,0.01775409439662064,0.1948110669500797,0.04638225882359519,0.027304799007277065,0.454644648797724,0.22937037037037034
R17,lhs,93,28.16225812328341,6.034769597846445,0.55,1.3607096048582783,1.03807655527486,0.02638683559706918,1.0040614172098237,0.02152961338659451,0.19722481878715772,0.047562629718863235,0.028240941631838202,0.44175711945905666,0.23570370370370372
R17,lhs,94,28.16225812328341,8.04635946379526,0.5000000000000001,1.3678651657326828,1.0273102415736195,0.03156524950922089,1.0229470527518916,0.018529669883385096,0.20043139194328757,0.04915218057665473,0.029045780913482252,0.437979508823036,0.24103703703703705
R17,lhs,95,28.16225812328341,10.057949329744076,0.45,1.3736294481791147,1.031577176658224,0.033189205956316775,1.0197751135941853,0.018212996251620574,0.20133644290439895,0.04894021619460896,0.02932719630699105,0.43346903702276335,0.24251851851851852
R17,lhs,96,28.16225812328341,12.069539195692892,0.39999999999999997,1.3795823321682992,1.034327501186843,0.02324763434307306,1.0232296404413304,0.018377415841003088,0.2018501375019939,0.04974914133988531,0.02940316116253977,0.42442001951524994,0.24496296296296297
R17,lhs,97,28.16225812328341,14.081129061641706,0.35000000000000003,1.3863586517266393,1.0309699776551,0.0219890396289576,1.0365320646312066,0.01822323839078857,0.20389925648268406,0.0509526408741501,0.03068084583609583,0.417680459370353,0.24840740740740738
R17,lhs,98,28.16225812328341,16.09271892759052,0.30000000000000004,1.394308374408593,1.0476287931259232,0.018458378191229058,1.0256163186328255,0.019979344342922176,0.20293469474681156,0.04987024589589196,0.029683193134146038,0.4233876945407909,0.2502222222222222
R17,lhs,99,28.16225812328341,18.104308793539335,0.25000000000000006,1.403677714634115,1.0534994157664685,0.023439728698733727,1.0384580598682973,0.019061338919178914,0.2050787882421194,0.05125955484397864,0.030711626469787093,0.4136128448619598,0.2521851851851852
R17,lhs,100,28.16225812328341,20.11589865948815,0.20000000000000007,1.4146569738851094,1.0621235067060932,0.019282166747180807,1.0511869734374921,0.0218587417745651,0.2077667568795425,0.052338621721564116,0.031132014505892487,0.4105604845093688,0.25796296296296295
R17,lhs,101,28.16225812328341,22.127488525436966,0.15000000000000002,1.4273838218531483,1.059732598168799,0.025703132310623444,1.0705556005832055,0.021353333840502753,0.21097140912824736,0.054096833381324885,0.032078121942266814,0.40414721718437113,0.2602962962962963
R17,lhs,102,28.16225812328341,24.13907839138578,0.10000000000000003,1.4419250533392105,1.0787563718891418,0.020296843829910618,1.0574156639521748,0.015281440221514685,0.2095137958175191,0.05304896565788339,0.0312621172782,0.4055649423571558,0.2634814814814815
R17,lhs,103,28.16225812328341,26.150668257334594,0.050000000000000065,1.4582407506633113,1.0809489015915112,0.03130746713601123,1.0770939622728883,0.02142966563978468,0.21374280134761126,0.054614433278810694,0.032702606762696554,0.39911235401909845,0.2697407407407407
R17,lhs,104,28.16225812328341,28.16225812328341,0.0,1.4761298739362592,1.0935264837724337,0.023655756180742924,1.0882132465271965,0.026339381238523314,0.21494304010707246,0.055725629285105965,0.032751078285278776,0.39688483137374103,0.27251851851851855
R17,lhs,105,30.173847989232225,2.011589865948815,0.7000000000000001,1.336121462591287,1.0197519317469756,0.027821749121127438,0.9944300304573459,0.019226943937449965,0.19486303410589892,0.045479399246750776,0.02722210509733907,0.46906486760759847,0.21677777777777776
R17,lhs,106,30.173847989232225,4.02317973189763,0.65,1.3820626501764948,1.0235439327293407,0.018870503314516052,1.0164445518389424,0.01849566322548689,0.1996669106021876,0.04764167012308876,0.028724454227678553,0.4552193796643253,0.22525925925925924
R17,lhs,107,30.173847989232225,6.034769597846445,0.6000000000000001,1.3962123734231684,1.042251240956776,0.02674466194144022,1.0303404848255888,0.020934577264112277,0.20204508478607078,0.04996108231160117,0.029820152554812854,0.43078344847905947,0.23166666666666666
R17,lhs,108,30.173847989232225,8.04635946379526,0.55,1.403547595710299,1.0573516281017603,0.03295298190888478,1.038891948729822,0.01631741225571747,0.20316240794807267,0.05071444676658062,0.030139304154191908,0.4292622928590413,0.23455555555555557
R17,lhs,109,30.173847989232225,10.057949329744076,0.5,1.409454540463655,1.0813505959216445,0.026666841735533624,1.0331216607166949,0.01488842553427076,0.20364541129048833,0.050267861541718396,0.03021584776573827,0.42590802767257707,0.23681481481481484
R17,lhs,110,30.173847989232225,12.069539195692892,0.44999999999999996,1.4155520299754398,1.0817471016854374,0.030340833574656424,1.0367349346440948,0.01864837650213542,0.2049418348402667,0.050781935859133855,0.03013138013496037,0.42147919379812965,0.23974074074074075
R17,lhs,111,30.173847989232225,14.081129061641706,0.39999999999999997,1.4224897956346603,1.0430469432270555,0.022842403966254494,1.047053618219707,0.02123023993527208,0.2067343443612345,0.05197602791070376,0.030898008640583844,0.4124420650885769,0.2407037037037037
R17,lhs,112,30.173847989232225,16.09271892759052,0.35,1.430626974208002,1.090676736915373,0.029304317176055687,1.046417337765129,0.021871504752355754,0.20605249042517665,0.05199613017217996,0.030720156008170917,0.4129322589084933,0.2451111111111111
R17,lhs,113,30.173847989232225,18.104308793539335,0.30000000000000004,1.4402185140015868,1.0723932562324032,0.02665762785813664,1.0670262087750788,0.021729987556054684,0.2103319315187347,0.05371205123485006,0.03166095324496397,0.40753882695441046,0.2488148148148148
R17,lhs,114,30.173847989232225,20.11589865948815,0.25000000000000006,1.4514651178677305,1.0929361339002237,0.024403788810900797,1.0767001676378445,0.021671421462975328,0.2121394841042034,0.05465058697968926,0.032960921184372764,0.3994551029248844,0.25107407407407406
R17,lhs,115,30.173847989232225,22.127488525436966,0.19999999999999998,1.4645179758810765,1.103271814374417,0.02076184701325905,1.075763004831456,0.024575431617742918,0.21304056900161836,0.05465117999816958,0.033075761586519564,0.3958423672610418,0.25311111111111106
R17,lhs,116,30.173847989232225,24.13907839138578,0.15000000000000002,1.4794620951284392,1.1149794500730796,0.02820785407021556,1.1019676517003782,0.02165026872202134,0.21676595081292344,0.056914804477295515,0.0335565753431127,0.39353869935001085,0.2603333333333333
R17,lhs,117,30.173847989232225,26.150668257334594,0.10000000000000003,1.4962823805053689,1.1056675040888784,0.025326580553586175,1.1121433110957588,0.019296669619703482,0.21777616540556227,0.05768286884862241,0.034478379128709956,0.3921492098341362,0.26196296296296295
R17,lhs,118,30.173847989232225,28.16225812328341,0.049999999999999975,1.5148113386957456,1.1333562440472327,0.020505433922483066,1.1079743753337752,0.021566294974535598,0.21986978763690004,0.0572046003370162,0.03456951515293976,0.38925446177860834,0.2673333333333333
R17,lhs,119,30.173847989232225,30.173847989232225,0.0,1.534659392151488,1.133141053217878,0.023015576116680314,1.1336618223666968,0.02007675203941393,0.22334785237327034,0.059367706137080443,0.03579440935339507,0.385043978288003,0.27451851851851855
R17,lhs,120,32.18543785518104,2.011589865948815,0.7500000000000001,1.369349684862751,1.0470824293125562,0.024592304089410856,1.0357111329326054,0.02195152376376581,0.20104301101555663,0.04881191393490755,0.029544173609477285,0.4622349741430006,0.2153703703703704
R17,lhs,121,32.18543785518104,4.02317973189763,0.7000000000000001,1.416594583655403,1.0281405817999363,0.018674670506384272,1.0446467410607208,0.016093346636587562,0.20326034681899527,0.05059666313300058,0.030155508102998226,0.4407791225834567,0.22133333333333333
R17,lhs,122,32.18543785518104,6.034769597846445,0.6500000000000001,1.431115075304036,1.0703254888043214,0.028203098143977024,1.0483878940843965,0.019002201318041284,0.20590562020004965,0.051344898036926635,0.030223920533003077,0.42966348873253857,0.2265185185185185
R17,lhs,123,32.18543785518104,8.04635946379526,0.6000000000000001,1.438634550817729,1.0742972079098856,0.02060612846006167,1.049537550638956,0.013906539564296645,0.2057546124744533,0.05163250042506194,0.03123053033583559,0.4227273267445003,0.22899999999999998
R17,lhs,124,32.18543785518104,10.057949329744076,0.55,1.444685197443853,1.0670681574848335,0.024884933192539378,1.0692719800222148,0.017092795365546285,0.2079797176689856,0.0537010060324455,0.03177945446634965,0.4150179301262417,0.23107407407407407
R17,lhs,125,32.18543785518104,12.069539195692892,0.5000000000000001,1.4509259212906842,1.0698086996208578,0.022463916066448576,1.0776468178660155,0.01723108128985969,0.2113939476046034,0.05438865958997453,0.03269859810008592,0.40787513069261055,0.2358888888888889
R17,lhs,126,32.18543785518104,14.081129061641706,0.4500000000000001,1.4580211216890684,1.0892674948187755,0.015244129135230761,1.0723950984983783,0.017377419858624607,0.21042356971138723,0.05380441708068842,0.032611339250751936,0.4108911087390272,0.23551851851851852
R17,lhs,127,32.18543785518104,16.09271892759052,0.4000000000000001,1.4663380817970517,1.0859374288693282,0.024797885275704576,1.072311471192432,0.019342521545421203,0.21088976156785003,0.0542628987136794,0.03178566035036261,0.40568640194560807,0.2387777777777778
R17,lhs,128,32.18543785518104,18.104308793539335,0.3500000000000001,1.4761387173817264,1.0915590224053884,0.022933934564614646,1.0992019106688107,0.021884558280394328,0.21534064353897306,0.05639655652799485,0.03391006108012564,0.3985533735715123,0.2433703703703704
R17,lhs,129,32.18543785518104,20.11589865948815,0.3000000000000001,1.487631449791407,1.0908295669037016,0.0246910614470395,1.0882042406890848,0.01990213429550998,0.21539872181340675,0.05551344967995174,0.03371533132796462,0.3956075309716431,0.2464074074074074
R17,lhs,130,32.18543785518104,22.127488525436966,0.25000000000000006,1.5009770687465533,1.1107505075395516,0.014140773261781118,1.0903475714791393,0.015964961676141243,0.21587390271112666,0.05556330137727315,0.03336887948874193,0.3990583566095804,0.24688888888888888
R17,lhs,131,32.18543785518104,24.13907839138578,0.20000000000000007,1.5162731765191424,1.1289810832112277,0.02405010401067547,1.1106066360336444,0.01796915225864689,0.2183361956812929,0.0575781629272308,0.03462181553038176,0.38976210389964316,0.2524444444444444
R17,lhs,132,32.18543785518104,26.150668257334594,0.1500000000000001,1.533521611605721,1.1445308398297682,0.02677683135966222,1.12465664318308,0.020095798055540674,0.22082163486345627,0.05870587657695904,0.03516456232744137,0.38794930133128097,0.2557037037037037
R17,lhs,133,32.18543785518104,28.16225812328341,0.10000000000000003,1.552577672319097,1.151161301395533,0.01866668696779436,1.1278390642257292,0.021473924311008627,0.22251583655040427,0.058729707199885885,0.035515656794844766,0.38858017933272715,0.2607777777777777
R17,lhs,134,32.18543785518104,30.173847989232225,0.050000000000000065,1.5730816678261104,1.1832344039000282,0.027891278882410515,1.149816744303775,0.02033496970846689,0.22490484832131996,0.060615480649833665,0.03673600350757875,0.38464765571169685,0.2665925925925926
R17,lhs,135,32.18543785518104,32.18543785518104,0.0,1.594382758329893,1.1584682805606072,0.027905162027726797,1.164607350353877,0.018663910039999336,0.22749258998059227,0.06187193278123116,0.03770796785560491,0.37991566284437,0.2721111111111111
R17,lhs,136,34.19702772112986,2.011589865948815,0.8000000000000002,1.4025012010743019,1.0526306567372758,0.02654373304409874,1.0472368624267625,0.016855746577381113,0.20405374082574276,0.04985004511964372,0.03065662352058468,0.4543570932939668,0.20988888888888887
R17,lhs,137,34.19702772112986,4.02317973189763,0.75,1.451094678749104,1.076929296608387,0.022748100703904796,1.0874719967053403,0.016809169779027,0.20922482531812697,0.05424263552828325,0.032429862204463415,0.4318207918280651,0.2169259259259259
R17,lhs,138,34.19702772112986,6.034769597846445,0.7000000000000001,1.4660001620854337,1.0968750852770328,0.024607111774014635,1.0878747803971307,0.021144183339994103,0.21070665076564796,0.05438413562354192,0.03303917163917735,0.4250110299084547,0.22159259259259256
R17,lhs,139,34.19702772112986,8.04635946379526,0.65,1.4737094705287748,1.1002555776019798,0.023799306540354587,1.0899568803348945,0.01615706717761642,0.21183933420978415,0.0548855128628897,0.033523521810958155,0.4160689733750372,0.22592592592592595
R17,lhs,140,34.19702772112986,10.057949329744076,0.6000000000000001,1.4799062008540114,1.0985199034028084,0.024043433897804525,1.0941824924417851,0.024171741007714714,0.21305727518779102,0.055749895407894136,0.0333812040712006,0.4071182232682026,0.22848148148148148
R17,lhs,141,34.19702772112986,12.069539195692892,0.55,1.4862906897453971,1.1286122487770722,0.021252193432436214,1.0840977459437322,0.019102975012971535,0.21175703952284658,0.054821203782142065,0.03341167829564637,0.4078407095205312,0.23125925925925922
R17,lhs,142,34.19702772112986,14.081129061641706,0.5000000000000001,1.4935420106209438,1.1145382991336192,0.02148135180647276,1.1046498235908508,0.0182988040668056,0.21568841092726718,0.05684394391733694,0.034332114101072994,0.3978264104714941,0.23181481481481483
R17,lhs,143,34.19702772112986,16.09271892759052,0.45,1.502034922977767,1.1175474162551386,0.028514004470036526,1.0932423221362242,0.020744233747426923,0.21343211399887854,0.055927526427045265,0.03353567763190471,0.4012234997277362,0.23311111111111116
R17,lhs,144,34.19702772112986,18.104308793539335,0.4000000000000001,1.5120370657397475,1.1340535441968789,0.029792393312285226,1.1256499936660596,0.022286863828444768,0.21858460465060756,0.05868508486693743,0.03520852229760893,0.3935912760745527,0.23751851851851855
R17,lhs,145,34.19702772112986,20.11589865948815,0.3500000000000001,1.523762651987675,1.1310068960235622,0.022815851108279876,1.1222306837168496,0.024853217320854232,0.22062758011254704,0.05819555098728736,0.03525090066302764,0.39245065443117233,0.24007407407407408
R17,lhs,146,34.19702772112986,22.127488525436966,0.30000000000000004,1.5373792290692334,1.136154437601132,0.02584114265878702,1.131332829093735,0.021123982806155506,0.2214469256596846,0.05904466276732529,0.03568051165944865,0.3902769477445948,0.2432962962962963
R17,lhs,147,34.19702772112986,24.13907839138578,0.25000000000000006,1.552992893448498,1.1516807769428619,0.032948751877596875,1.1447505463251129,0.022083658311897948,0.22264897355440497,0.06049667379639496,0.03646846665584085,0.38303152394953727,0.24781481481481482
R17,lhs,148,34.19702772112986,26.150668257334594,0.20000000000000007,1.570616610907686,1.1540979234131485,0.02087004711580061,1.1629895162310615,0.02019069366707876,0.22720107780695267,0.0620874735059918,0.03741943737366462,0.37523649750203625,0.2534074074074074
R17,lhs,149,34.19702772112986,28.16225812328341,0.15000000000000002,1.5901204639339621,1.1657715902648935,0.02122548095040751,1.1766152677946797,0.021595165766941427,0.2291570552300749,0.06319066759363068,0.03791838503002629,0.37420327186144886,0.25766666666666665
R17,lhs,150,34.19702772112986,30.173847989232225,0.10000000000000003,1.6111640631313793,1.196001513785981,0.025064774094778013,1.1789457108792487,0.021762230234485494,0.22871879026199504,0.06334024449850478,0.03827656556776186,0.37484315204523966,0.2603703703703703
R17,lhs,151,34.19702772112986,32.18543785518104,0.049999999999999975,1.6331202791856152,1.1966350092200948,0.024776885276264517,1.1865572774553708,0.021477744443391976,0.23043124956089586,0.06404672795238427,0.03904235476713505,0.36962189763195313,0.26614814814814813
R17,lhs,152,34.19702772112986,34.19702772112986,0.0,1.6550186089928283,1.2423683262702656,0.03267219986545455,1.1990082149485013,0.019634709996542078,0.2327264879681288,0.06484013420206569,0.03950860917313189,0.37141192658867234,0.27225925925925926
R17,lhs,153,36.20861758707867,2.011589865948815,0.8500000000000001,1.438752474048221,1.0845007044176067,0.031169405002237884,1.0733753334639926,0.02328989286351847,0.20764891468593247,0.05206326102680609,0.031827819536773605,0.45009077189788016,0.20614814814814814
R17,lhs,154,36.20861758707867,4.02317973189763,0.8000000000000002,1.4888485600715204,1.1059920425784824,0.026114961906139603,1.0988354595138612,0.01728068985541412,0.21226269257933378,0.0550743570179832,0.03354786002802519,0.4270971963017411,0.2141111111111111
R17,lhs,155,36.20861758707867,6.034769597846445,0.75,1.5041836992504107,1.1225257786592537,0.02259699978201113,1.1024378071739986,0.01963391982982138,0.21384160514359588,0.05570474301469932,0.03390954642138726,0.4183086998863159,0.21918518518518518
R17,lhs,156,36.20861758707867,8.04635946379526,0.7,1.5121035555132527,1.143832030064452,0.02339264384977443,1.104903092749681,0.013372178647778635,0.2147412659169854,0.05628255642509514,0.03420404952528849,0.40992003367027596,0.2214814814814815
R17,lhs,157,36.20861758707867,10.057949329744076,0.65,1.5184606639180886,1.143080354178671,0.024045910845165122,1.1046381736816488,0.019078838099940106,0.21471922322659365,0.05649129490675547,0.034685774690967154,0.40392856912090896,0.22322222222222224
R17,lhs,158,36.20861758707867,12.069539195692892,0.6000000000000001,1.5250014374250234,1.1492466030477941,0.02736402838497437,1.1226660380961235,0.020462986693414262,0.21810184303876942,0.05807028888127877,0.035788690507364836,0.39731430607572216,0.22603703703703706
R17,lhs,159,36.20861758707867,14.081129061641706,0.55,1.532420870515368,1.1510272610760213,0.021229358636455826,1.124096302187793,0.02145750180542157,0.2186208529180563,0.05824151270312131,0.03578378763092409,0.3959773334714213,0.2267777777777778
R17,lhs,160,36.20861758707867,16.09271892759052,0.5,1.541101277786397,1.1559386374608773,0.024552884798040197,1.1384377944814854,0.021566565691545903,0.2202492930016296,0.05967186804539732,0.035805471214004674,0.3931893815492761,0.2309259259259259
R17,lhs,161,36.20861758707867,18.104308793539335,0.45,1.5513154839826637,1.13554233777313,0.02097742704323433,1.1362298040012562,0.023150687402952008,0.22192056997659818,0.05948005801978673,0.03611768134665191,0.3885419323519922,0.23244444444444443
R17,lhs,162,36.20861758707867,20.11589865948815,0.4000000000000001,1.5632824097374094,1.1630164229439606,0.024513315735604217,1.1630063807599498,0.019171351940284086,0.22513006763584978,0.06201539614692025,0.0375122964573918,0.37960392945315924,0.23677777777777778
R17,lhs,163,36.20861758707867,22.127488525436966,0.35,1.5771746172573948,1.1805282107594586,0.02593418287604517,1.1553965929634145,0.023220064888773612,0.22424525456164981,0.06127272172543485,0.03782493218353604,0.3794686266912922,0.23892592592592593
R17,lhs,164,36.20861758707867,24.13907839138578,0.30000000000000004,1.5931040810154204,1.1825131567376521,0.029695586798120194,1.1733296763628296,0.02299732762054946,0.22671655231417842,0.06318011440266899,0.03776608903344781,0.373595041007636,0.24214814814814817
R17,lhs,165,36.20861758707867,26.150668257334594,0.25000000000000006,1.6110911100865888,1.2047980318185298,0.021079647173068407,1.2051274272162034,0.017700994838429653,0.23283336113565867,0.06543242637981206,0.039692311190503315,0.37078501383349144,0.24788888888888888
R17,lhs,166,36.20861758707867,28.16225812328341,0.19999999999999998,1.6310152771523292,1.2150494840197048,0.030603696389958752,1.1913504102620465,0.020826691608873113,0.2310003447686658,0.06425299134796163,0.03953629180524385,0.3711925133555909,0.2518148148148148
R17,lhs,167,36.20861758707867,30.173847989232225,0.15000000000000002,1.6525483877775446,1.214294541232411,0.021732616568723977,1.2122538725283976,0.019258750499129586,0.23607062938772494,0.06605230618818331,0.040604083366668896,0.36300610233857955,0.2581481481481481
R17,lhs,168,36.20861758707867,32.18543785518104,0.09999999999999995,1.675078038762321,1.254586354515426,0.03413943312562152,1.2258158671265282,0.021575242222940303,0.2370152626663525,0.06716994206491256,0.040716755023124676,0.3649712740694807,0.2632222222222222
R17,lhs,169,36.20861758707867,34.19702772112986,0.049999999999999975,1.6976487899799102,1.2663809925978187,0.028334093172864984,1.2410605348356927,0.028661488068559084,0.23886792968358572,0.06834222295890612,0.04219143155062415,0.3615514060000289,0.2677037037037037
R17,lhs,170,36.20861758707867,36.20861758707867,0.0,1.718976427660343,1.251242569676497,0.027700475346694713,1.2552501608845736,0.02390647356131432,0.24176657248506322,0.06946024799408894,0.042978131173537985,0.35840526881496376,0.26959259259259255
R17,lhs,171,38.220207453027484,2.011589865948815,0.9,1.496058525011307,1.113407486061809,0.023853603453561138,1.109554785769587,0.021433759643463588,0.21290660105689632,0.05503371280961162,0.034185456193224745,0.44216304386600913,0.20299999999999996
R17,lhs,172,38.220207453027484,4.02317973189763,0.8500000000000001,1.5484898900918889,1.1231204431173567,0.021629793765995976,1.1339909870373668,0.015393271029665638,0.21663515442665518,0.05786458891039814,0.03540453332154859,0.4241122288967454,0.21003703703703705
R17,lhs,173,38.220207453027484,6.034769597846445,0.7999999999999999,1.5644912899871364,1.146762469636092,0.028408295572268188,1.1299011870394593,0.017109521705023837,0.21666956573788107,0.05814625158101391,0.03528564434760807,0.41285062113054416,0.21396296296296288
R17,lhs,174,38.220207453027484,8.04635946379526,0.75,1.572735786019829,1.1560958470070035,0.030725148783233982,1.1450011477373603,0.019226049017482733,0.21914653770766654,0.05966576646524254,0.03621015827446507,0.40457268260468804,0.21866666666666665
R17,lhs,175,38.220207453027484,10.057949329744076,0.7,1.5793381807127704,1.1461971349186784,0.02558245361990718,1.1512076820630395,0.018328961227470464,0.22164842583092034,0.06035096111179478,0.03691469912327654,0.39625201486697753,0.2210740740740741
R17,lhs,176,38.220207453027484,12.069539195692892,0.65,1.5861160843114679,1.1627901153193947,0.02678047521230161,1.137469946351304,0.022383913466659227,0.21953828349295876,0.05915217764950988,0.03657725780738436,0.39829265446199386,0.2234074074074074
R17,lhs,177,38.220207453027484,14.081129061641706,0.6000000000000001,1.5937885974108652,1.1872594369916032,0.018264638176089327,1.147789751081951,0.017141911552260112,0.22264577852945372,0.059946236072503205,0.03738138135910106,0.3936504755336429,0.22577777777777777
R17,lhs,178,38.220207453027484,16.09271892759052,0.5499999999999999,1.6027488302665762,1.1885195337512078,0.021443927002531234,1.1690169812483362,0.023180029315677923,0.22604068655018558,0.06221920508429995,0.03867126287690292,0.3798827333487766,0.22744444444444445
R17,lhs,179,38.220207453027484,18.104308793539335,0.5,1.6132763123173257,1.1917718835128155,0.022777748506518564,1.1744056248397439,0.021123168822956926,0.2267605492419243,0.0627779237154664,0.03869987573090232,0.3782046879784061,0.22940740740740737
R17,lhs,180,38.220207453027484,20.11589865948815,0.45,1.625595368800798,1.196001769197709,0.020616531044499807,1.185149854620472,0.020592005245125604,0.22789814765187416,0.06383926315554252,0.03895945818646472,0.3753980746779754,0.23314814814814816
R17,lhs,181,38.220207453027484,22.127488525436966,0.39999999999999997,1.6398836742314522,1.213165085615557,0.021140426445879566,1.1978051755613304,0.016313547634587904,0.23097387712580095,0.0648480400435882,0.03991125384708912,0.370503184565531,0.23692592592592593
R17,lhs,182,38.220207453027484,24.13907839138578,0.35,1.6562585924634918,1.1928104291371797,0.016452734424261223,1.1940399929042809,0.02263382527376027,0.23047796323880926,0.06464741419705759,0.03932840264345168,0.3708322339243182,0.23829629629629628
R17,lhs,183,38.220207453027484,26.150668257334594,0.30000000000000004,1.6747466521866337,1.2295509106649747,0.02522178126601162,1.2286392530388617,0.019549516303996407,0.23684097823956177,0.06711328994020226,0.042022941721245245,0.3654776432216083,0.24388888888888893
R17,lhs,184,38.220207453027484,28.16225812328341,0.24999999999999994,1.695235091324499,1.2352418132694383,0.028819403951425345,1.214909880208471,0.01989322331703105,0.23410050304666202,0.06629825768043288,0.04093428809330761,0.3652794163194848,0.24629629629629632
R17,lhs,185,38.220207453027484,30.173847989232225,0.19999999999999998,1.7174052937720674,1.2665680979431808,0.022321027830380757,1.2476127891959896,0.022643508079863515,0.23978328765240328,0.06899450408992987,0.04262446656083837,0.35821459306345377,0.25133333333333335
R17,lhs,186,38.220207453027484,32.18543785518104,0.1499999999999999,1.7406559765978291,1.2625396750571416,0.03040200448513421,1.248286015107205,0.02583089985837026,0.23934418095140123,0.0690190708326206,0.04263287956502138,0.35964802691933717,0.2561481481481482
R17,lhs,187,38.220207453027484,34.19702772112986,0.09999999999999995,1.7640416017075566,1.2851817061631183,0.02627059251582895,1.2767547481187858,0.023837478828775228,0.2435648542311058,0.07146751986755247,0.044429712994996165,0.3516327118387536,0.2618148148148148
R17,lhs,188,38.220207453027484,36.20861758707867,0.049999999999999975,1.7862786987710433,1.2828809843531852,0.031825066980875005,1.2819097212577057,0.025201030877861685,0.2442623790356768,0.07164125931753192,0.04482120040195413,0.35458445326536825,0.2679259259259259
R17,lhs,189,38.220207453027484,38.220207453027484,0.0,1.8058930085731846,1.3026874628162068,0.0287843930582329,1.3113477793743626,0.019552917624294876,0.249834256001322,0.07422018873615512,0.04606601734929965,0.34604934997552933,0.2694814814814815
